# N         Time          GB/sec
42      1e-07      3.36
63      1e-07      5.04
94      2e-07      3.76
141      2e-07      5.64
211      3e-07      5.62667
316      5e-07      5.056
474      8e-07      4.74
711      1.2e-06      4.74
1066      1.8e-06      4.73778
1599      2.7e-06      4.73778
2398      4e-06      4.796
3597      6e-06      4.796
5395      9e-06      4.79556
8092      1.35e-05      4.79526
12138      2.03e-05      4.78345
18207      3.04e-05      4.79132
27310      4.57e-05      4.78074
40965      6.85e-05      4.78423
61447      0.0001041      4.72215
92170      0.0001545      4.77256
138255      0.0002342      4.72263
207382      0.0003482      4.76466
311073      0.0005267      4.72486
466609      0.0007998      4.66726
699913      0.0012      4.66609
