# N         Time          GB/sec
42      4e-06      0.084
63      5.8e-06      0.0868966
94      8.6e-06      0.0874419
141      1.26e-05      0.0895238
211      1.87e-05      0.0902674
316      2.78e-05      0.0909353
474      4.16e-05      0.0911538
711      6.21e-05      0.0915942
1066      9.31e-05      0.0916004
1599      0.0001403      0.0911761
2398      0.0002105      0.0911354
3597      0.0003154      0.0912365
5395      0.0004732      0.0912088
8092      0.0007089      0.0913189
12138      0.0010629      0.0913576
18207      0.0015948      0.0913318
27310      0.0023915      0.0913569
40965      0.0035934      0.0912005
61447      0.0053908      0.0911879
92170      0.008096      0.0910771
138255      0.0121624      0.0909393
207382      0.0182978      0.0906697
311073      0.0273627      0.090948
466609      0.0410716      0.0908869
699913      0.0615918      0.0909099
