# Platforms found: 1
# (0) Intel(R) Corporation: OpenCL 1.2 LINUX
# Devices found: 1
# (0)        Intel(R) Core(TM) i3-3217U CPU @ 1.80GHz
# N         Time          GB/sec
42     3.22e-05        0.0104348
63     3.24e-05        0.0155556
94     3.27e-05        0.0229969
141     3.24e-05        0.0348148
211     3.29e-05        0.051307
316     3.36e-05        0.0752381
474     3.38e-05        0.112189
711     3.22e-05        0.176646
1066     3.14e-05        0.271592
1599     3.22e-05        0.397267
2398     3.29e-05        0.5831
3597     3.59e-05        0.80156
5395     3.99e-05        1.0817
8092     4.63e-05        1.39819
12138     5.38e-05        1.80491
18207     6.55e-05        2.22376
27310     8.29e-05        2.63546
40965     0.0001076        3.04572
61447     0.0001435        3.42562
92170     0.0001956        3.76973
138255     0.0002785        3.97142
207382     0.0003954        4.19589
311073     0.0005955        4.17898
466609     0.0008838        4.22366
699913     0.0013052        4.29
